G3dErrFileVersion 2018P3.1
FlagFileMetaData Begin
   Mesh Size - Setup1, Refinement, Pass #1, Freq. 3.000000e+09 :Title    
   Listing of mesh elements with small segments. :ToolTip  
   hf3d :Author   
   1725109669 :TimeStamp
FlagFileMetaData End
BEGIN_ERR 
26 Small mesh segment detected on body : Box3
 Small mesh segment detected on body : Box3 
 Segment Statistics - Number of Segments : 1 --- Segment length(s) : 0.010000mm 
2 -1  115  # nfids, fids[]
2 109  -1  # nbids, bids[]
      5 2 1 0 #ntets ntri ned npts
           5.0000000000000000e-01   1.3500000000000001e-01  -5.2500000000000002e-01 #xyz tv0
           5.0000000000000000e-01   1.3500000000000001e-01  -2.5000000000000001e-02 #xyz tv1
           5.0000000000000000e-01   1.2500000000000000e-01  -5.2500000000000002e-01 #xyz tv2
          -5.0000000000000000e-01   5.6249999999999978e-01  -5.6250000000000044e-01 -1 109 #xyz tv3 fid bid
           5.0000000000000000e-01  -1.5203916585160331e-02  -1.0475537325102886e+00 #xyz tv0
           5.0000000000000000e-01   1.3500000000000001e-01  -5.2500000000000002e-01 #xyz tv1
           5.0000000000000000e-01   1.2500000000000000e-01  -5.2500000000000002e-01 #xyz tv2
          -5.0000000000000000e-01   5.6249999999999978e-01  -5.6250000000000044e-01 -1 109 #xyz tv3 fid bid
           5.0000000000000000e-01   1.3500000000000001e-01  -2.5000000000000001e-02 #xyz tv0
           5.0000000000000000e-01   1.3500000000000001e-01  -5.2500000000000002e-01 #xyz tv1
           5.0000000000000000e-01   1.2500000000000000e-01  -5.2500000000000002e-01 #xyz tv2
           2.2358378838083675e+00   1.4358117983412368e+00   1.1672197881390534e+00 -1 109 #xyz tv3 fid bid
           5.0000000000000000e-01   1.2500000000000000e-01  -5.2500000000000002e-01 #xyz tv0
           5.0000000000000000e-01   1.3500000000000001e-01  -5.2500000000000002e-01 #xyz tv1
           2.4835149205180267e+00   1.7957565348031290e+00  -1.2054992916094207e+00 #xyz tv2
           2.2358378838083675e+00   1.4358117983412368e+00   1.1672197881390534e+00 -1 109 #xyz tv3 fid bid
           2.4835149205180267e+00   1.7957565348031290e+00  -1.2054992916094207e+00 #xyz tv0
           5.0000000000000000e-01   1.3500000000000001e-01  -5.2500000000000002e-01 #xyz tv1
           5.0000000000000000e-01   1.2500000000000000e-01  -5.2500000000000002e-01 #xyz tv2
           5.0000000000000000e-01  -1.5203916585160331e-02  -1.0475537325102886e+00 -1 109 #xyz tv3 fid bid
           5.0000000000000000e-01   1.2500000000000000e-01  -5.2500000000000002e-01 #xyz tv0
           5.0000000000000000e-01   1.3500000000000001e-01  -5.2500000000000002e-01 #xyz tv1
           5.0000000000000000e-01  -1.5203916585160331e-02  -1.0475537325102886e+00 115 -1 #xyz tv2 fid bid
           5.0000000000000000e-01   1.3500000000000001e-01  -5.2500000000000002e-01 #xyz tv0
           5.0000000000000000e-01   1.2500000000000000e-01  -5.2500000000000002e-01 #xyz tv1
           5.0000000000000000e-01   1.3500000000000001e-01  -2.5000000000000001e-02 115 -1 #xyz tv2 fid bid
           5.0000000000000000e-01   1.2500000000000000e-01  -5.2500000000000002e-01 #xyz ev0
           5.0000000000000000e-01   1.3500000000000001e-01  -5.2500000000000002e-01 -1 109 #xyz ev1 fid bid
   0   0.000000000000e+00   0.000000000000e+00   0.000000000000e+00 #flag location
END_ERR 
G3dErrFileVersion 2018P3.1
FlagFileMetaData Begin
   Mesh Size - Setup1, Refinement, Pass #2, Freq. 3.000000e+09 :Title    
   Listing of mesh elements with small segments. :ToolTip  
   hf3d :Author   
   1725109670 :TimeStamp
FlagFileMetaData End
BEGIN_ERR 
26 Small mesh segment detected on body : Box3
 Small mesh segment detected on body : Box3 
 Segment Statistics - Number of Segments : 1 --- Segment length(s) : 0.010000mm 
2 -1  115  # nfids, fids[]
2 109  -1  # nbids, bids[]
      7 2 1 0 #ntets ntri ned npts
           5.0000000000000000e-01   1.2500000000000000e-01  -5.2500000000000002e-01 #xyz tv0
           5.0000000000000000e-01   1.3500000000000001e-01  -5.2500000000000002e-01 #xyz tv1
           9.4561688311688305e-02   1.4514686987955930e-01  -8.3630132740314655e-01 #xyz tv2
           5.0000000000000000e-01   8.6338902440200288e-02  -1.0386934267714496e+00 -1 109 #xyz tv3 fid bid
           2.0900092790843225e-01   1.3183456227146184e-01  -4.5435733156353170e-01 #xyz tv0
           5.0000000000000000e-01   1.2500000000000000e-01  -5.2500000000000002e-01 #xyz tv1
           5.0000000000000000e-01   1.3500000000000001e-01  -5.2500000000000002e-01 #xyz tv2
           9.4561688311688305e-02   1.4514686987955930e-01  -8.3630132740314655e-01 -1 109 #xyz tv3 fid bid
           5.0000000000000000e-01   1.3500000000000001e-01  -5.2500000000000002e-01 #xyz tv0
           5.0000000000000000e-01   1.2500000000000000e-01  -5.2500000000000002e-01 #xyz tv1
           9.9587873012950667e-01   5.3758717540820211e-01  -9.0015168915749944e-01 #xyz tv2
           5.0000000000000000e-01   8.6338902440200288e-02  -1.0386934267714496e+00 -1 109 #xyz tv3 fid bid
           2.0900092790843225e-01   1.3183456227146184e-01  -4.5435733156353170e-01 #xyz tv0
           5.0000000000000000e-01   1.3500000000000001e-01  -5.2500000000000002e-01 #xyz tv1
           5.0000000000000000e-01   1.2500000000000000e-01  -5.2500000000000002e-01 #xyz tv2
           2.2374003837072021e-01   5.2967945456772879e-02  -1.3971131573651008e-01 -1 109 #xyz tv3 fid bid
           5.0000000000000000e-01   1.3500000000000001e-01  -5.2500000000000002e-01 #xyz tv0
           9.9587873012950667e-01   5.3758717540820211e-01  -9.0015168915749944e-01 #xyz tv1
           5.0000000000000000e-01   1.2500000000000000e-01  -5.2500000000000002e-01 #xyz tv2
           1.2285125483023125e+00   7.4358967559677136e-01  -4.1388049207889471e-01 -1 109 #xyz tv3 fid bid
           2.2374003837072021e-01   5.2967945456772879e-02  -1.3971131573651008e-01 #xyz tv0
           5.0000000000000000e-01   1.3500000000000001e-01  -2.5000000000000001e-02 #xyz tv1
           5.0000000000000000e-01   1.3500000000000001e-01  -5.2500000000000002e-01 #xyz tv2
           5.0000000000000000e-01   1.2500000000000000e-01  -5.2500000000000002e-01 -1 109 #xyz tv3 fid bid
           1.2285125483023125e+00   7.4358967559677136e-01  -4.1388049207889471e-01 #xyz tv0
           5.0000000000000000e-01   1.3500000000000001e-01  -2.5000000000000001e-02 #xyz tv1
           5.0000000000000000e-01   1.2500000000000000e-01  -5.2500000000000002e-01 #xyz tv2
           5.0000000000000000e-01   1.3500000000000001e-01  -5.2500000000000002e-01 -1 109 #xyz tv3 fid bid
           5.0000000000000000e-01   1.2500000000000000e-01  -5.2500000000000002e-01 #xyz tv0
           5.0000000000000000e-01   1.3500000000000001e-01  -5.2500000000000002e-01 #xyz tv1
           5.0000000000000000e-01   8.6338902440200288e-02  -1.0386934267714496e+00 115 -1 #xyz tv2 fid bid
           5.0000000000000000e-01   1.3500000000000001e-01  -5.2500000000000002e-01 #xyz tv0
           5.0000000000000000e-01   1.2500000000000000e-01  -5.2500000000000002e-01 #xyz tv1
           5.0000000000000000e-01   1.3500000000000001e-01  -2.5000000000000001e-02 115 -1 #xyz tv2 fid bid
           5.0000000000000000e-01   1.2500000000000000e-01  -5.2500000000000002e-01 #xyz ev0
           5.0000000000000000e-01   1.3500000000000001e-01  -5.2500000000000002e-01 -1 109 #xyz ev1 fid bid
   0   0.000000000000e+00   0.000000000000e+00   0.000000000000e+00 #flag location
END_ERR 
G3dErrFileVersion 2018P3.1
FlagFileMetaData Begin
   Mesh Size - Setup1, Refinement, Pass #3, Freq. 3.000000e+09 :Title    
   Listing of mesh elements with small segments. :ToolTip  
   hf3d :Author   
   1725109671 :TimeStamp
FlagFileMetaData End
BEGIN_ERR 
26 Small mesh segment detected on body : Box3
 Small mesh segment detected on body : Box3 
 Segment Statistics - Number of Segments : 1 --- Segment length(s) : 0.010000mm 
2 -1  115  # nfids, fids[]
2 109  -1  # nbids, bids[]
      6 2 1 0 #ntets ntri ned npts
           2.0900092790843225e-01   1.3183456227146184e-01  -4.5435733156353170e-01 #xyz tv0
           5.0000000000000000e-01   1.2500000000000000e-01  -5.2500000000000002e-01 #xyz tv1
           5.0000000000000000e-01   1.3500000000000001e-01  -2.7500000000000002e-01 #xyz tv2
           5.0000000000000000e-01   1.3500000000000001e-01  -5.2500000000000002e-01 -1 109 #xyz tv3 fid bid
           5.0000000000000000e-01   1.3500000000000001e-01  -2.7500000000000002e-01 #xyz tv0
           5.0000000000000000e-01   1.2500000000000000e-01  -5.2500000000000002e-01 #xyz tv1
           1.2285125483023125e+00   7.4358967559677136e-01  -4.1388049207889471e-01 #xyz tv2
           5.0000000000000000e-01   1.3500000000000001e-01  -5.2500000000000002e-01 -1 109 #xyz tv3 fid bid
           2.0900092790843225e-01   1.3183456227146184e-01  -4.5435733156353170e-01 #xyz tv0
           5.0000000000000000e-01   1.2500000000000000e-01  -5.2500000000000002e-01 #xyz tv1
           5.0000000000000000e-01   1.3500000000000001e-01  -5.2500000000000002e-01 #xyz tv2
           9.4561688311688305e-02   1.4514686987955930e-01  -8.3630132740314655e-01 -1 109 #xyz tv3 fid bid
           5.0000000000000000e-01   1.3500000000000001e-01  -5.2500000000000002e-01 #xyz tv0
           9.9587873012950667e-01   5.3758717540820211e-01  -9.0015168915749944e-01 #xyz tv1
           5.0000000000000000e-01   1.2500000000000000e-01  -5.2500000000000002e-01 #xyz tv2
           1.2285125483023125e+00   7.4358967559677136e-01  -4.1388049207889471e-01 -1 109 #xyz tv3 fid bid
           5.0000000000000000e-01   1.2500000000000000e-01  -5.2500000000000002e-01 #xyz tv0
           5.0000000000000000e-01   1.3500000000000001e-01  -5.2500000000000002e-01 #xyz tv1
           9.4561688311688305e-02   1.4514686987955930e-01  -8.3630132740314655e-01 #xyz tv2
           5.0000000000000000e-01   1.2877644991290196e-01  -1.0368599678008956e+00 -1 109 #xyz tv3 fid bid
           5.0000000000000000e-01   1.3500000000000001e-01  -5.2500000000000002e-01 #xyz tv0
           5.0000000000000000e-01   1.2500000000000000e-01  -5.2500000000000002e-01 #xyz tv1
           9.9587873012950667e-01   5.3758717540820211e-01  -9.0015168915749944e-01 #xyz tv2
           5.0000000000000000e-01   1.2877644991290196e-01  -1.0368599678008956e+00 -1 109 #xyz tv3 fid bid
           5.0000000000000000e-01   1.2500000000000000e-01  -5.2500000000000002e-01 #xyz tv0
           5.0000000000000000e-01   1.3500000000000001e-01  -5.2500000000000002e-01 #xyz tv1
           5.0000000000000000e-01   1.2877644991290196e-01  -1.0368599678008956e+00 115 -1 #xyz tv2 fid bid
           5.0000000000000000e-01   1.3500000000000001e-01  -2.7500000000000002e-01 #xyz tv0
           5.0000000000000000e-01   1.3500000000000001e-01  -5.2500000000000002e-01 #xyz tv1
           5.0000000000000000e-01   1.2500000000000000e-01  -5.2500000000000002e-01 115 -1 #xyz tv2 fid bid
           5.0000000000000000e-01   1.2500000000000000e-01  -5.2500000000000002e-01 #xyz ev0
           5.0000000000000000e-01   1.3500000000000001e-01  -5.2500000000000002e-01 -1 109 #xyz ev1 fid bid
   0   0.000000000000e+00   0.000000000000e+00   0.000000000000e+00 #flag location
END_ERR 
G3dErrFileVersion 2018P3.1
FlagFileMetaData Begin
   Mesh Size - Setup1, Refinement, Pass #1, Freq. 3.000000e+09 :Title    
   Listing of mesh elements with small segments. :ToolTip  
   hf3d :Author   
   1725110016 :TimeStamp
FlagFileMetaData End
BEGIN_ERR 
26 Small mesh segment detected on body : Box3
 Small mesh segment detected on body : Box3 
 Segment Statistics - Number of Segments : 1 --- Segment length(s) : 0.010000mm 
2 -1  115  # nfids, fids[]
2 109  -1  # nbids, bids[]
      5 2 1 0 #ntets ntri ned npts
           5.0000000000000000e-01   1.3500000000000001e-01  -5.2500000000000002e-01 #xyz tv0
           5.0000000000000000e-01   1.3500000000000001e-01  -2.5000000000000001e-02 #xyz tv1
           5.0000000000000000e-01   1.2500000000000000e-01  -5.2500000000000002e-01 #xyz tv2
          -5.0000000000000000e-01   5.6249999999999978e-01  -5.6250000000000044e-01 -1 109 #xyz tv3 fid bid
           5.0000000000000000e-01  -1.5203916585160331e-02  -1.0475537325102886e+00 #xyz tv0
           5.0000000000000000e-01   1.3500000000000001e-01  -5.2500000000000002e-01 #xyz tv1
           5.0000000000000000e-01   1.2500000000000000e-01  -5.2500000000000002e-01 #xyz tv2
          -5.0000000000000000e-01   5.6249999999999978e-01  -5.6250000000000044e-01 -1 109 #xyz tv3 fid bid
           5.0000000000000000e-01   1.3500000000000001e-01  -2.5000000000000001e-02 #xyz tv0
           5.0000000000000000e-01   1.3500000000000001e-01  -5.2500000000000002e-01 #xyz tv1
           5.0000000000000000e-01   1.2500000000000000e-01  -5.2500000000000002e-01 #xyz tv2
           2.2358378838083675e+00   1.4358117983412368e+00   1.1672197881390534e+00 -1 109 #xyz tv3 fid bid
           5.0000000000000000e-01   1.2500000000000000e-01  -5.2500000000000002e-01 #xyz tv0
           5.0000000000000000e-01   1.3500000000000001e-01  -5.2500000000000002e-01 #xyz tv1
           2.4835149205180267e+00   1.7957565348031290e+00  -1.2054992916094207e+00 #xyz tv2
           2.2358378838083675e+00   1.4358117983412368e+00   1.1672197881390534e+00 -1 109 #xyz tv3 fid bid
           2.4835149205180267e+00   1.7957565348031290e+00  -1.2054992916094207e+00 #xyz tv0
           5.0000000000000000e-01   1.3500000000000001e-01  -5.2500000000000002e-01 #xyz tv1
           5.0000000000000000e-01   1.2500000000000000e-01  -5.2500000000000002e-01 #xyz tv2
           5.0000000000000000e-01  -1.5203916585160331e-02  -1.0475537325102886e+00 -1 109 #xyz tv3 fid bid
           5.0000000000000000e-01   1.2500000000000000e-01  -5.2500000000000002e-01 #xyz tv0
           5.0000000000000000e-01   1.3500000000000001e-01  -5.2500000000000002e-01 #xyz tv1
           5.0000000000000000e-01  -1.5203916585160331e-02  -1.0475537325102886e+00 115 -1 #xyz tv2 fid bid
           5.0000000000000000e-01   1.3500000000000001e-01  -5.2500000000000002e-01 #xyz tv0
           5.0000000000000000e-01   1.2500000000000000e-01  -5.2500000000000002e-01 #xyz tv1
           5.0000000000000000e-01   1.3500000000000001e-01  -2.5000000000000001e-02 115 -1 #xyz tv2 fid bid
           5.0000000000000000e-01   1.2500000000000000e-01  -5.2500000000000002e-01 #xyz ev0
           5.0000000000000000e-01   1.3500000000000001e-01  -5.2500000000000002e-01 -1 109 #xyz ev1 fid bid
   0   0.000000000000e+00   0.000000000000e+00   0.000000000000e+00 #flag location
END_ERR 
G3dErrFileVersion 2018P3.1
FlagFileMetaData Begin
   Mesh Size - Setup1, Refinement, Pass #2, Freq. 3.000000e+09 :Title    
   Listing of mesh elements with small segments. :ToolTip  
   hf3d :Author   
   1725110017 :TimeStamp
FlagFileMetaData End
BEGIN_ERR 
26 Small mesh segment detected on body : Box3
 Small mesh segment detected on body : Box3 
 Segment Statistics - Number of Segments : 1 --- Segment length(s) : 0.010000mm 
2 -1  115  # nfids, fids[]
2 109  -1  # nbids, bids[]
      7 2 1 0 #ntets ntri ned npts
           5.0000000000000000e-01   1.2500000000000000e-01  -5.2500000000000002e-01 #xyz tv0
           3.5930762367936847e-01   1.5796163036388408e-01  -2.4727529795708883e-01 #xyz tv1
           3.2554996524180557e-01   2.8895588367603459e-01  -4.0624849136532909e-01 #xyz tv2
           5.0000000000000000e-01   1.3500000000000001e-01  -5.2500000000000002e-01 -1 109 #xyz tv3 fid bid
           5.0000000000000000e-01   1.2500000000000000e-01  -5.2500000000000002e-01 #xyz tv0
           3.2554996524180557e-01   2.8895588367603459e-01  -4.0624849136532909e-01 #xyz tv1
           2.1033656506602105e-01   3.5619378233464061e-01  -5.4988664861701675e-01 #xyz tv2
           5.0000000000000000e-01   1.3500000000000001e-01  -5.2500000000000002e-01 -1 109 #xyz tv3 fid bid
           5.0000000000000000e-01   1.3500000000000001e-01  -5.2500000000000002e-01 #xyz tv0
           3.5930762367936847e-01   1.5796163036388408e-01  -2.4727529795708883e-01 #xyz tv1
           5.0000000000000000e-01   1.3500000000000001e-01  -2.5000000000000001e-02 #xyz tv2
           5.0000000000000000e-01   1.2500000000000000e-01  -5.2500000000000002e-01 -1 109 #xyz tv3 fid bid
           5.0000000000000000e-01   6.2362851049575875e-02  -1.0490284855095859e+00 #xyz tv0
           5.0000000000000000e-01   1.2500000000000000e-01  -5.2500000000000002e-01 #xyz tv1
           2.1033656506602105e-01   3.5619378233464061e-01  -5.4988664861701675e-01 #xyz tv2
           5.0000000000000000e-01   1.3500000000000001e-01  -5.2500000000000002e-01 -1 109 #xyz tv3 fid bid
           1.5217353538732372e+00  -2.3162053416895534e-01  -1.0059195400898977e+00 #xyz tv0
           5.0000000000000000e-01   6.2362851049575875e-02  -1.0490284855095859e+00 #xyz tv1
           5.0000000000000000e-01   1.3500000000000001e-01  -5.2500000000000002e-01 #xyz tv2
           5.0000000000000000e-01   1.2500000000000000e-01  -5.2500000000000002e-01 -1 109 #xyz tv3 fid bid
           5.0000000000000000e-01   1.3500000000000001e-01  -2.5000000000000001e-02 #xyz tv0
           5.0000000000000000e-01   1.3500000000000001e-01  -5.2500000000000002e-01 #xyz tv1
           5.0000000000000000e-01   1.2500000000000000e-01  -5.2500000000000002e-01 #xyz tv2
           7.3846246807459059e-01   1.9700451177994804e-01  -1.0523581738910055e-02 -1 109 #xyz tv3 fid bid
           1.5217353538732372e+00  -2.3162053416895534e-01  -1.0059195400898977e+00 #xyz tv0
           5.0000000000000000e-01   1.3500000000000001e-01  -5.2500000000000002e-01 #xyz tv1
           7.3846246807459059e-01   1.9700451177994804e-01  -1.0523581738910055e-02 #xyz tv2
           5.0000000000000000e-01   1.2500000000000000e-01  -5.2500000000000002e-01 -1 109 #xyz tv3 fid bid
           5.0000000000000000e-01   1.2500000000000000e-01  -5.2500000000000002e-01 #xyz tv0
           5.0000000000000000e-01   1.3500000000000001e-01  -5.2500000000000002e-01 #xyz tv1
           5.0000000000000000e-01   6.2362851049575875e-02  -1.0490284855095859e+00 115 -1 #xyz tv2 fid bid
           5.0000000000000000e-01   1.3500000000000001e-01  -5.2500000000000002e-01 #xyz tv0
           5.0000000000000000e-01   1.2500000000000000e-01  -5.2500000000000002e-01 #xyz tv1
           5.0000000000000000e-01   1.3500000000000001e-01  -2.5000000000000001e-02 115 -1 #xyz tv2 fid bid
           5.0000000000000000e-01   1.2500000000000000e-01  -5.2500000000000002e-01 #xyz ev0
           5.0000000000000000e-01   1.3500000000000001e-01  -5.2500000000000002e-01 -1 109 #xyz ev1 fid bid
   0   0.000000000000e+00   0.000000000000e+00   0.000000000000e+00 #flag location
END_ERR 
G3dErrFileVersion 2018P3.1
FlagFileMetaData Begin
   Mesh Size - Setup1, Refinement, Pass #3, Freq. 3.000000e+09 :Title    
   Listing of mesh elements with small segments. :ToolTip  
   hf3d :Author   
   1725110018 :TimeStamp
FlagFileMetaData End
BEGIN_ERR 
26 Small mesh segment detected on body : Box3
 Small mesh segment detected on body : Box3 
 Segment Statistics - Number of Segments : 1 --- Segment length(s) : 0.010000mm 
2 -1  115  # nfids, fids[]
2 109  -1  # nbids, bids[]
      7 2 1 0 #ntets ntri ned npts
           3.7507509466447259e-01   1.2579961908682416e-01  -1.1679242607788785e-01 #xyz tv0
           5.0000000000000000e-01   1.3500000000000001e-01  -2.5000000000000001e-02 #xyz tv1
           5.0000000000000000e-01   1.3500000000000001e-01  -2.7500000000000002e-01 #xyz tv2
           5.0000000000000000e-01   1.2500000000000000e-01  -2.5000000000000001e-02 -1 109 #xyz tv3 fid bid
           4.4322813006778999e-01   1.0575315575021266e-01  -9.1842468837696270e-03 #xyz tv0
           3.7507509466447259e-01   1.2579961908682416e-01  -1.1679242607788785e-01 #xyz tv1
           5.0000000000000000e-01   1.2500000000000000e-01  -2.5000000000000001e-02 #xyz tv2
           5.0000000000000000e-01   1.3500000000000001e-01  -2.5000000000000001e-02 -1 109 #xyz tv3 fid bid
           5.0000000000000000e-01   1.3500000000000001e-01  -2.7500000000000002e-01 #xyz tv0
           6.1923123403729530e-01   1.6100225588997402e-01  -2.6776179086945506e-01 #xyz tv1
           5.0000000000000000e-01   1.2500000000000000e-01  -2.5000000000000001e-02 #xyz tv2
           5.0000000000000000e-01   1.3500000000000001e-01  -2.5000000000000001e-02 -1 109 #xyz tv3 fid bid
           4.4322813006778999e-01   1.0575315575021266e-01  -9.1842468837696270e-03 #xyz tv0
           5.0000000000000000e-01   1.2500000000000000e-01  -2.5000000000000001e-02 #xyz tv1
           5.0000000000000000e-01   1.2500000000000000e-01   2.5000000000000001e-02 #xyz tv2
           5.0000000000000000e-01   1.3500000000000001e-01  -2.5000000000000001e-02 -1 109 #xyz tv3 fid bid
           6.1923123403729530e-01   1.6100225588997402e-01  -2.6776179086945506e-01 #xyz tv0
           5.0000000000000000e-01   1.2500000000000000e-01  -2.5000000000000001e-02 #xyz tv1
           5.0000000000000000e-01   1.3500000000000001e-01  -2.5000000000000001e-02 #xyz tv2
           6.6450844452532476e-01   1.8117148766219354e-01  -4.1978196138689375e-02 -1 109 #xyz tv3 fid bid
           5.7775131542349045e-01   1.4599934022336772e-01   3.4466239699473898e-02 #xyz tv0
           5.0000000000000000e-01   1.2500000000000000e-01  -2.5000000000000001e-02 #xyz tv1
           5.0000000000000000e-01   1.3500000000000001e-01  -2.5000000000000001e-02 #xyz tv2
           5.0000000000000000e-01   1.2500000000000000e-01   2.5000000000000001e-02 -1 109 #xyz tv3 fid bid
           5.7775131542349045e-01   1.4599934022336772e-01   3.4466239699473898e-02 #xyz tv0
           5.0000000000000000e-01   1.3500000000000001e-01  -2.5000000000000001e-02 #xyz tv1
           5.0000000000000000e-01   1.2500000000000000e-01  -2.5000000000000001e-02 #xyz tv2
           6.6450844452532476e-01   1.8117148766219354e-01  -4.1978196138689375e-02 -1 109 #xyz tv3 fid bid
           5.0000000000000000e-01   1.2500000000000000e-01   2.5000000000000001e-02 #xyz tv0
           5.0000000000000000e-01   1.3500000000000001e-01  -2.5000000000000001e-02 #xyz tv1
           5.0000000000000000e-01   1.2500000000000000e-01  -2.5000000000000001e-02 115 -1 #xyz tv2 fid bid
           5.0000000000000000e-01   1.3500000000000001e-01  -2.7500000000000002e-01 #xyz tv0
           5.0000000000000000e-01   1.2500000000000000e-01  -2.5000000000000001e-02 #xyz tv1
           5.0000000000000000e-01   1.3500000000000001e-01  -2.5000000000000001e-02 115 -1 #xyz tv2 fid bid
           5.0000000000000000e-01   1.3500000000000001e-01  -2.5000000000000001e-02 #xyz ev0
           5.0000000000000000e-01   1.2500000000000000e-01  -2.5000000000000001e-02 -1 109 #xyz ev1 fid bid
   0   0.000000000000e+00   0.000000000000e+00   0.000000000000e+00 #flag location
END_ERR 
G3dErrFileVersion 2018P3.1
FlagFileMetaData Begin
   Mesh Size - Setup1, Refinement, Pass #1, Freq. 3.000000e+09 :Title    
   Listing of mesh elements with small segments. :ToolTip  
   hf3d :Author   
   1725110182 :TimeStamp
FlagFileMetaData End
BEGIN_ERR 
26 Small mesh segment detected on body : Box3
 Small mesh segment detected on body : Box3 
 Segment Statistics - Number of Segments : 1 --- Segment length(s) : 0.005000mm 
2 -1  115  # nfids, fids[]
2 109  -1  # nbids, bids[]
      4 2 1 0 #ntets ntri ned npts
           5.0000000000000000e-01   1.3000000000000000e-01  -2.5000000000000001e-02 #xyz tv0
           5.0000000000000000e-01   1.2500000000000000e-01   2.5000000000000001e-02 #xyz tv1
           5.0000000000000000e-01   1.2500000000000000e-01  -2.5000000000000001e-02 #xyz tv2
          -5.0000000000000000e-01   5.6249999999999978e-01  -3.4694469519536142e-16 -1 109 #xyz tv3 fid bid
           5.0000000000000000e-01   1.3000000000000000e-01  -2.5000000000000001e-02 #xyz tv0
          -5.0000000000000000e-01   5.6249999999999978e-01  -3.4694469519536142e-16 #xyz tv1
           5.0000000000000000e-01   1.2500000000000000e-01  -2.5000000000000001e-02 #xyz tv2
           5.0000000000000000e-01   1.2500000000000000e-01  -5.2500000000000002e-01 -1 109 #xyz tv3 fid bid
           5.0000000000000000e-01   1.3000000000000000e-01  -2.5000000000000001e-02 #xyz tv0
           5.0000000000000000e-01   1.2500000000000000e-01  -2.5000000000000001e-02 #xyz tv1
           5.0000000000000000e-01   1.2500000000000000e-01   2.5000000000000001e-02 #xyz tv2
           1.7866105026415469e+00   1.1422060873704143e+00  -1.5347886707535952e-01 -1 109 #xyz tv3 fid bid
           5.0000000000000000e-01   1.3000000000000000e-01  -2.5000000000000001e-02 #xyz tv0
           5.0000000000000000e-01   1.2500000000000000e-01  -2.5000000000000001e-02 #xyz tv1
           1.7866105026415469e+00   1.1422060873704143e+00  -1.5347886707535952e-01 #xyz tv2
           5.0000000000000000e-01   1.2500000000000000e-01  -5.2500000000000002e-01 -1 109 #xyz tv3 fid bid
           5.0000000000000000e-01   1.2500000000000000e-01   2.5000000000000001e-02 #xyz tv0
           5.0000000000000000e-01   1.3000000000000000e-01  -2.5000000000000001e-02 #xyz tv1
           5.0000000000000000e-01   1.2500000000000000e-01  -2.5000000000000001e-02 115 -1 #xyz tv2 fid bid
           5.0000000000000000e-01   1.2500000000000000e-01  -5.2500000000000002e-01 #xyz tv0
           5.0000000000000000e-01   1.2500000000000000e-01  -2.5000000000000001e-02 #xyz tv1
           5.0000000000000000e-01   1.3000000000000000e-01  -2.5000000000000001e-02 115 -1 #xyz tv2 fid bid
           5.0000000000000000e-01   1.3000000000000000e-01  -2.5000000000000001e-02 #xyz ev0
           5.0000000000000000e-01   1.2500000000000000e-01  -2.5000000000000001e-02 -1 109 #xyz ev1 fid bid
   0   0.000000000000e+00   0.000000000000e+00   0.000000000000e+00 #flag location
END_ERR 
G3dErrFileVersion 2018P3.1
FlagFileMetaData Begin
   Mesh Size - Setup1, Refinement, Pass #2, Freq. 3.000000e+09 :Title    
   Listing of mesh elements with small segments. :ToolTip  
   hf3d :Author   
   1725110183 :TimeStamp
FlagFileMetaData End
BEGIN_ERR 
26 Small mesh segment detected on body : Box3
 Small mesh segment detected on body : Box3 
 Segment Statistics - Number of Segments : 1 --- Segment length(s) : 0.005000mm 
2 -1  115  # nfids, fids[]
2 109  -1  # nbids, bids[]
      5 2 1 0 #ntets ntri ned npts
           2.1173505136412546e-01   2.1023345578424096e-01  -1.1164266184890070e-01 #xyz tv0
           5.0000000000000000e-01   1.3000000000000000e-01  -2.5000000000000001e-02 #xyz tv1
           5.0000000000000000e-01   1.2500000000000000e-01  -5.2500000000000002e-01 #xyz tv2
           5.0000000000000000e-01   1.2500000000000000e-01  -2.5000000000000001e-02 -1 109 #xyz tv3 fid bid
           5.0000000000000000e-01   1.2500000000000000e-01  -5.2500000000000002e-01 #xyz tv0
           5.0000000000000000e-01   1.2500000000000000e-01  -2.5000000000000001e-02 #xyz tv1
           5.0000000000000000e-01   1.3000000000000000e-01  -2.5000000000000001e-02 #xyz tv2
           7.5209524536132810e-01   3.1353566584538722e-01  -3.0284288891828925e-01 -1 109 #xyz tv3 fid bid
           2.1173505136412546e-01   2.1023345578424096e-01  -1.1164266184890070e-01 #xyz tv0
           5.0000000000000000e-01   1.2500000000000000e-01   2.5000000000000001e-02 #xyz tv1
           5.0000000000000000e-01   1.3000000000000000e-01  -2.5000000000000001e-02 #xyz tv2
           5.0000000000000000e-01   1.2500000000000000e-01  -2.5000000000000001e-02 -1 109 #xyz tv3 fid bid
           5.0000000000000000e-01   1.3000000000000000e-01  -2.5000000000000001e-02 #xyz tv0
           5.0000000000000000e-01   1.2500000000000000e-01  -2.5000000000000001e-02 #xyz tv1
           8.2165262566038666e-01   2.6680152184260358e-01  -3.2119716768839873e-02 #xyz tv2
           7.5209524536132810e-01   3.1353566584538722e-01  -3.0284288891828925e-01 -1 109 #xyz tv3 fid bid
           8.2165262566038666e-01   2.6680152184260358e-01  -3.2119716768839873e-02 #xyz tv0
           5.0000000000000000e-01   1.3000000000000000e-01  -2.5000000000000001e-02 #xyz tv1
           5.0000000000000000e-01   1.2500000000000000e-01   2.5000000000000001e-02 #xyz tv2
           5.0000000000000000e-01   1.2500000000000000e-01  -2.5000000000000001e-02 -1 109 #xyz tv3 fid bid
           5.0000000000000000e-01   1.2500000000000000e-01   2.5000000000000001e-02 #xyz tv0
           5.0000000000000000e-01   1.3000000000000000e-01  -2.5000000000000001e-02 #xyz tv1
           5.0000000000000000e-01   1.2500000000000000e-01  -2.5000000000000001e-02 115 -1 #xyz tv2 fid bid
           5.0000000000000000e-01   1.2500000000000000e-01  -5.2500000000000002e-01 #xyz tv0
           5.0000000000000000e-01   1.2500000000000000e-01  -2.5000000000000001e-02 #xyz tv1
           5.0000000000000000e-01   1.3000000000000000e-01  -2.5000000000000001e-02 115 -1 #xyz tv2 fid bid
           5.0000000000000000e-01   1.3000000000000000e-01  -2.5000000000000001e-02 #xyz ev0
           5.0000000000000000e-01   1.2500000000000000e-01  -2.5000000000000001e-02 -1 109 #xyz ev1 fid bid
   0   0.000000000000e+00   0.000000000000e+00   0.000000000000e+00 #flag location
END_ERR 
G3dErrFileVersion 2018P3.1
FlagFileMetaData Begin
   Mesh Size - Setup1, Refinement, Pass #3, Freq. 3.000000e+09 :Title    
   Listing of mesh elements with small segments. :ToolTip  
   hf3d :Author   
   1725110184 :TimeStamp
FlagFileMetaData End
BEGIN_ERR 
26 Small mesh segment detected on body : Box2
 Small mesh segment detected on body : Box2 
 Segment Statistics - Number of Segments : 1 --- Segment length(s) : 0.005000mm 
2 -1  115  # nfids, fids[]
2 6  -1  # nbids, bids[]
      7 2 1 0 #ntets ntri ned npts
           6.2604762268066405e-01   2.1926783292269361e-01  -1.6392144445914464e-01 #xyz tv0
           5.0000000000000000e-01   1.3000000000000000e-01  -2.5000000000000001e-02 #xyz tv1
           7.0910409664179319e-01   1.4899143636994600e-01  -6.2406918344331923e-02 #xyz tv2
           5.0000000000000000e-01   1.2500000000000000e-01  -2.5000000000000001e-02 -1 6 #xyz tv3 fid bid
           5.0000000000000000e-01   1.3000000000000000e-01  -2.7500000000000002e-01 #xyz tv0
           6.2604762268066405e-01   2.1926783292269361e-01  -1.6392144445914464e-01 #xyz tv1
           5.0000000000000000e-01   1.2500000000000000e-01  -2.5000000000000001e-02 #xyz tv2
           5.0000000000000000e-01   1.3000000000000000e-01  -2.5000000000000001e-02 -1 6 #xyz tv3 fid bid
           5.0000000000000000e-01   1.3000000000000000e-01  -2.5000000000000001e-02 #xyz tv0
           3.7708326428360311e-01   1.8341934553288691e-01   3.1174947285589463e-02 #xyz tv1
           5.0000000000000000e-01   1.2500000000000000e-01  -2.5000000000000001e-02 #xyz tv2
           2.4645887084947893e-01   1.7340733142369122e-01  -1.0178903261412897e-01 -1 6 #xyz tv3 fid bid
           5.0000000000000000e-01   1.3000000000000000e-01  -2.7500000000000002e-01 #xyz tv0
           2.4645887084947893e-01   1.7340733142369122e-01  -1.0178903261412897e-01 #xyz tv1
           5.0000000000000000e-01   1.3000000000000000e-01  -2.5000000000000001e-02 #xyz tv2
           5.0000000000000000e-01   1.2500000000000000e-01  -2.5000000000000001e-02 -1 6 #xyz tv3 fid bid
           6.1862014163957035e-01   1.2940671195391518e-01   1.5445915462767243e-01 #xyz tv0
           5.0000000000000000e-01   1.3000000000000000e-01  -2.5000000000000001e-02 #xyz tv1
           5.0000000000000000e-01   1.2500000000000000e-01  -2.5000000000000001e-02 #xyz tv2
           7.0910409664179319e-01   1.4899143636994600e-01  -6.2406918344331923e-02 -1 6 #xyz tv3 fid bid
           5.0000000000000000e-01   1.3000000000000000e-01  -2.5000000000000001e-02 #xyz tv0
           5.0000000000000000e-01   1.2500000000000000e-01  -2.5000000000000001e-02 #xyz tv1
           3.7708326428360311e-01   1.8341934553288691e-01   3.1174947285589463e-02 #xyz tv2
           5.0000000000000000e-01   1.2500000000000000e-01   2.5000000000000001e-02 -1 6 #xyz tv3 fid bid
           6.1862014163957035e-01   1.2940671195391518e-01   1.5445915462767243e-01 #xyz tv0
           5.0000000000000000e-01   1.2500000000000000e-01  -2.5000000000000001e-02 #xyz tv1
           5.0000000000000000e-01   1.3000000000000000e-01  -2.5000000000000001e-02 #xyz tv2
           5.0000000000000000e-01   1.2500000000000000e-01   2.5000000000000001e-02 -1 6 #xyz tv3 fid bid
           5.0000000000000000e-01   1.2500000000000000e-01   2.5000000000000001e-02 #xyz tv0
           5.0000000000000000e-01   1.3000000000000000e-01  -2.5000000000000001e-02 #xyz tv1
           5.0000000000000000e-01   1.2500000000000000e-01  -2.5000000000000001e-02 115 -1 #xyz tv2 fid bid
           5.0000000000000000e-01   1.3000000000000000e-01  -2.7500000000000002e-01 #xyz tv0
           5.0000000000000000e-01   1.2500000000000000e-01  -2.5000000000000001e-02 #xyz tv1
           5.0000000000000000e-01   1.3000000000000000e-01  -2.5000000000000001e-02 115 -1 #xyz tv2 fid bid
           5.0000000000000000e-01   1.3000000000000000e-01  -2.5000000000000001e-02 #xyz ev0
           5.0000000000000000e-01   1.2500000000000000e-01  -2.5000000000000001e-02 -1 6 #xyz ev1 fid bid
   0   0.000000000000e+00   0.000000000000e+00   0.000000000000e+00 #flag location
END_ERR 
